# Name         	     pericenter[kpc]   	     apocenter[kpc]    	       Jr[kpc*km/s]    	       Jz[kpc*km/s]    	      Jphi[kpc*km/s]   	    Energy[km^2/s^2]   
NGC_104_47Tuc  	   5.47	   5.54	   5.63	   7.52	   7.53	   7.54	     18	     20	     22	    212	    216	    220	  -1234	  -1223	  -1213	-166959	-166710	-166336
NGC_288        	   1.82	   1.95	   2.11	  12.28	  12.37	  12.44	    521	    531	    542	    495	    507	    519	    423	    450	    473	-156629	-156117	-155705
NGC_362        	   0.21	   0.29	   0.41	  12.08	  12.21	  12.39	    794	    804	    814	    355	    367	    383	     27	     42	     56	-159090	-158527	-157925
Whiting_1      	  19.70	  21.36	  22.56	  57.08	  61.45	  65.40	   1354	   1435	   1549	   4804	   5202	   5767	  -1983	  -1790	  -1594	 -81093	 -77982	 -75665
NGC_1261       	   1.23	   1.39	   1.55	  20.73	  20.97	  21.19	   1386	   1411	   1431	    380	    389	    397	    358	    399	    443	-133443	-132825	-132414
Pal_1          	  14.15	  14.48	  14.83	  18.05	  18.49	  19.02	     33	     37	     42	    128	    135	    144	  -3582	  -3511	  -3434	-121942	-120731	-119828
AM_1           	  14.08	  29.32	  50.37	 121.32	 125.53	 133.54	   2122	   4274	   6336	   4240	   7634	  11387	  -2531	    954	   4322	 -56596	 -53822	 -49341
Eridanus       	  10.75	  14.21	  18.78	 119.09	 124.80	 132.02	   5779	   6320	   7036	   4097	   5351	   6639	  -1074	     94	   1400	 -58394	 -56361	 -54239
Pal_2          	   0.44	   0.73	   1.21	  38.00	  39.05	  40.48	   2950	   3191	   3367	     18	     23	     41	   -666	   -349	      8	-105731	-104574	-102936
NGC_1851       	   0.49	   0.60	   0.70	  19.96	  20.11	  20.33	   1472	   1494	   1513	    232	    242	    255	    177	    198	    226	-135929	-135485	-135020
NGC_1904_M_79  	   0.14	   0.22	   0.33	  19.31	  19.49	  19.61	   1566	   1588	   1600	    146	    158	    172	    -21	     20	     67	-137742	-137251	-136909
NGC_2298       	   0.90	   1.05	   1.20	  16.36	  16.61	  16.83	   1066	   1092	   1113	    214	    234	    253	    312	    366	    417	-145258	-144438	-143790
NGC_2419       	   9.80	  13.38	  16.77	  95.48	  97.46	  99.48	   4120	   4696	   5356	   1683	   2391	   3580	  -4125	  -3029	  -2098	 -65698	 -64655	 -63798
Ko_2           	  27.42	  34.69	  40.81	  64.50	  87.58	 177.42	    414	   1722	   7379	    791	    927	   1204	 -10255	  -9677	  -9081	 -70149	 -62899	 -44171
Pyxis          	  18.04	  18.81	  19.54	  90.26	  95.36	  98.61	   3522	   3685	   3872	   5880	   6186	   6470	    816	   1060	   1310	 -66302	 -64393	 -63088
NGC_2808       	   0.78	   0.81	   0.86	  14.50	  14.63	  14.76	   1092	   1110	   1127	     37	     38	     38	   -323	   -305	   -283	-152155	-151754	-151311
E_3            	   8.80	   8.95	   9.14	  11.52	  12.32	  13.45	     28	     42	     64	    277	    297	    320	  -2127	  -2042	  -1972	-144421	-142105	-139068
Pal_3          	  34.80	  48.01	  62.84	 106.15	 111.11	 116.43	    987	   1648	   2520	   8303	  10734	  12651	  -5067	  -3340	   -244	 -57436	 -53925	 -50599
NGC_3201       	   8.32	   8.35	   8.38	  27.41	  27.90	  28.52	    802	    829	    864	    300	    304	    308	   2701	   2722	   2746	-115106	-114385	-113497
ESO_93-8       	   9.63	  11.46	  12.89	  12.46	  13.10	  14.13	      4	     13	     33	     12	     14	     15	  -3041	  -2798	  -2496	-140353	-134966	-130710
Pal_4          	   3.91	   7.19	  12.32	 104.18	 107.47	 110.40	   5521	   6703	   7434	   1580	   2910	   4312	     50	    614	   1258	 -63474	 -62261	 -61078
Crater         	  29.85	  81.71	 142.06	 144.94	 149.74	 200.44	    163	   1880	   6408	   5849	  11583	  18366	  -4678	   5138	  11307	 -49909	 -42916	 -32922
Bliss_1        	  12.28	  14.24	  16.58	  24.51	  41.56	 113.82	    185	   1185	   5670	    289	    355	    421	  -6041	  -4730	  -3730	-112346	 -89144	 -48221
Ko_1           	  27.28	  38.21	  48.55	  67.10	 113.91	 242.12	    601	   2498	  10617	   7005	   9462	  10944	  -3101	  -2593	  -1893	 -69041	 -54782	 -36339
NGC_4147       	   0.39	   0.60	   0.89	  25.19	  25.40	  25.62	   1810	   1851	   1910	    619	    678	    740	      7	     32	     63	-124507	-124129	-123676
NGC_4372       	   2.82	   2.91	   3.01	   7.25	   7.30	   7.38	    138	    146	    153	     71	     77	     88	   -904	   -881	   -860	-180192	-179292	-178264
Rup_106        	   4.57	   4.74	   4.98	  32.54	  33.35	  33.96	   1636	   1678	   1717	    580	    613	    645	  -1586	  -1529	  -1468	-110964	-109855	-108883
NGC_4590_M_68  	   8.96	   9.03	   9.11	  27.93	  28.41	  28.91	    759	    788	    813	    814	    832	    847	  -2368	  -2351	  -2336	-113684	-113034	-112242
BH_140         	   1.85	   1.97	   2.10	   9.55	  10.09	  10.73	    437	    462	    492	     15	     17	     19	   -840	   -785	   -736	-171689	-168451	-165147
NGC_4833       	   0.57	   0.68	   0.73	   7.96	   8.02	   8.11	    544	    551	    559	     29	     30	     31	   -243	   -222	   -198	-183315	-182826	-182224
NGC_5024_M_53  	   8.57	   8.77	   8.96	  22.25	  22.44	  22.68	    452	    471	    489	   2136	   2175	   2214	   -694	   -678	   -662	-122597	-122147	-121678
NGC_5053       	  10.19	  10.42	  10.68	  17.87	  18.04	  18.23	    147	    159	    172	   2240	   2277	   2316	   -663	   -647	   -630	-127983	-127469	-127001
Kim_3          	  10.56	  11.65	  12.48	  52.30	  72.26	 179.60	   1945	   3420	  10919	   3494	   3999	   4497	  -1673	   -813	   -211	 -87667	 -74607	 -39268
NGC_5139_oCen  	   1.51	   1.58	   1.64	   6.96	   6.99	   7.27	    237	    243	    251	    117	    120	    126	    521	    534	    546	-185090	-184885	-184672
NGC_5272_M_3   	   4.91	   4.98	   5.04	  15.82	  15.95	  16.10	    433	    444	    455	    884	    891	    900	   -902	   -893	   -885	-140854	-140512	-140144
NGC_5286       	   0.72	   0.79	   0.88	  12.75	  12.92	  13.07	    874	    884	    897	    120	    123	    127	    294	    324	    351	-157580	-156789	-156275
AM_4           	  23.29	  24.39	  25.20	  32.97	  44.89	  57.64	    127	    406	    977	   3539	   4070	   4652	   2390	   2748	   3282	 -95280	 -86106	 -78667
NGC_5466       	   6.24	   6.37	   6.58	  45.48	  46.83	  48.28	   2350	   2417	   2491	   1915	   1988	   2064	    823	    856	    883	 -95932	 -94602	 -93249
NGC_5634       	   2.17	   2.50	   2.97	  21.80	  22.62	  23.32	   1172	   1207	   1257	    813	    879	    930	   -559	   -487	   -378	-130303	-128347	-127298
NGC_5694       	   2.15	   2.55	   2.98	  55.76	  57.28	  58.64	   3927	   4051	   4161	    458	    549	    649	    827	    908	   1022	 -88539	 -87327	 -86321
IC_4499        	   6.71	   6.98	   7.22	  27.06	  27.71	  28.29	    936	    953	    982	   1514	   1550	   1587	   1035	   1091	   1148	-117097	-115898	-114846
Munoz_1        	  17.27	  27.05	  38.97	  45.41	  48.22	  51.30	     82	    465	   1064	   3071	   4099	   5145	  -5120	  -3414	  -1915	 -88607	 -83016	 -76403
NGC_5824       	  13.48	  14.53	  15.64	  32.80	  34.09	  35.88	    584	    607	    630	   1949	   2053	   2177	  -2721	  -2514	  -2344	-103853	-101724	 -99177
Pal_5          	   7.96	   9.26	  10.42	  16.98	  17.64	  18.21	    165	    205	    253	   1521	   1650	   1760	  -1179	  -1049	   -914	-133332	-130028	-127156
NGC_5897       	   2.16	   2.39	   2.69	   9.01	   9.31	   9.66	    251	    256	    261	    572	    587	    605	   -466	   -410	   -369	-168814	-167067	-164915
NGC_5904_M_5   	   2.34	   2.39	   2.47	  24.94	  25.41	  26.13	   1400	   1435	   1482	    964	    992	   1024	   -362	   -355	   -348	-124197	-123269	-122016
NGC_5927       	   4.14	   4.17	   4.20	   5.55	   5.64	   5.74	     16	     18	     20	     23	     24	     24	  -1068	  -1055	  -1044	-184712	-183991	-183285
NGC_5946       	   0.08	   0.12	   0.22	   5.43	   5.81	   6.13	    328	    348	    354	     90	    104	    119	    -83	    -24	     21	-204796	-200984	-197462
BH_176         	  10.84	  12.34	  13.43	  13.82	  18.21	  23.55	     25	     97	    228	     27	     28	     29	  -3877	  -3294	  -2756	-134953	-124128	-114940
NGC_5986       	   0.38	   0.44	   0.53	   5.04	   5.12	   5.20	    246	    250	    255	    160	    162	    165	   -156	   -132	   -114	-201938	-200915	-199784
FSR_1716       	   2.29	   2.44	   2.58	   4.95	   5.10	   5.27	     70	     74	     78	     63	     72	     78	   -676	   -640	   -607	-198270	-196194	-194102
Pal_14         	   1.16	   1.95	   3.14	  99.21	 101.92	 104.76	   7285	   7672	   8017	    321	    555	    999	   -644	    -42	    645	 -65692	 -64734	 -63698
Lynga_7_BH184  	   1.68	   1.80	   1.88	   4.56	   4.62	   4.68	     90	     94	    100	     48	     51	     54	   -521	   -503	   -478	-205384	-204341	-203173
NGC_6093_M_80  	   0.72	   0.81	   0.88	   3.96	   4.04	   4.22	     75	     77	     79	    382	    390	    395	    -84	    -76	    -62	-206214	-205074	-204105
Ryu_059_RLGC1  	  16.02	  19.67	  21.82	 124.24	 178.15	 353.65	   5587	   8677	  19024	     41	     44	     47	   7349	   8149	   9253	 -55567	 -43948	 -24361
NGC_6121_M_4   	   0.52	   0.54	   0.58	   6.61	   6.65	   6.69	    424	    431	    435	      9	     10	     10	   -245	   -229	   -217	-193862	-193642	-193375
NGC_6101       	   9.88	  10.01	  10.16	  34.96	  36.46	  37.47	   1087	   1168	   1216	    729	    745	    760	   2890	   2953	   3008	-104341	-102569	-101425
NGC_6144       	   1.32	   1.45	   1.54	   3.79	   3.83	   3.88	     41	     47	     56	    353	    355	    355	    152	    169	    183	-205472	-205142	-204765
NGC_6139       	   0.91	   1.13	   1.49	   3.42	   3.71	   4.12	     73	     79	     83	    167	    186	    211	   -315	   -247	   -200	-214624	-209996	-203978
Terzan_3       	   2.16	   2.23	   2.28	   3.24	   3.30	   3.37	      9	     10	     12	    116	    130	    149	   -464	   -442	   -422	-209705	-209202	-208510
NGC_6171_M107  	   1.08	   1.12	   1.16	   3.73	   3.77	   3.80	     70	     71	     72	    180	    186	    191	   -272	   -260	   -249	-210371	-209948	-209568
ESO452_SC11    	   0.09	   0.22	   0.37	   2.36	   2.42	   2.45	     82	     86	     87	    141	    149	    160	    -27	    -12	      0	-232534	-232340	-231990
NGC_6205_M_13  	   1.11	   1.16	   1.22	   8.73	   8.78	   8.83	    382	    390	    396	    394	    401	    408	    242	    254	    265	-172841	-172507	-172277
NGC_6229       	   0.69	   1.01	   1.40	  29.76	  30.22	  30.64	   2138	   2209	   2252	    404	    499	    596	   -321	   -232	   -146	-116841	-116049	-115323
NGC_6218_M_12  	   2.00	   2.03	   2.09	   4.74	   4.75	   4.77	     60	     61	     61	    203	    206	    209	   -474	   -463	   -457	-196879	-196745	-196539
FSR_1735       	   1.06	   1.19	   1.34	   3.91	   4.25	   4.79	    105	    133	    164	     57	     67	     84	   -346	   -318	   -296	-213572	-210864	-206477
NGC_6235       	   3.05	   3.45	   3.85	   7.84	   9.02	  10.29	    146	    178	    216	    358	    370	    385	   -925	   -797	   -665	-173608	-166901	-160760
NGC_6254_M_10  	   1.73	   1.77	   1.80	   4.63	   4.66	   4.70	     86	     88	     89	    179	    183	    187	   -427	   -415	   -408	-199073	-198705	-198317
NGC_6256       	   1.31	   1.57	   1.81	   2.27	   2.30	   2.36	      4	      8	     16	     28	     31	     35	   -370	   -329	   -295	-232497	-230703	-228211
Pal_15         	   1.12	   1.52	   2.40	  48.06	  49.51	  51.20	   3365	   3551	   3739	    578	    894	   1209	   -484	   -167	     57	 -95006	 -93771	 -92268
NGC_6266_M_62  	   0.87	   0.90	   0.96	   2.27	   2.66	   2.70	     27	     30	     32	     55	     58	     61	   -246	   -232	   -216	-234677	-233025	-231685
NGC_6273_M_19  	   0.35	   0.51	   0.65	   4.44	   4.50	   4.64	    165	    170	    177	    290	    291	    293	     50	     81	    108	-203687	-202746	-201226
NGC_6284       	   0.28	   0.35	   0.42	   6.26	   6.66	   6.99	    335	    378	    414	    254	    277	    304	     17	     58	     90	-189598	-186576	-184078
NGC_6287       	   0.11	   0.19	   0.29	   5.38	   5.50	   5.65	    299	    306	    315	    198	    242	    283	    -61	    -23	     10	-197257	-196488	-195086
NGC_6293       	   0.27	   0.34	   0.43	   2.77	   3.03	   3.31	    103	    110	    119	    154	    155	    157	     52	     77	    100	-224723	-221688	-218271
NGC_6304       	   1.46	   1.58	   1.68	   2.78	   2.88	   3.01	     20	     23	     25	     40	     43	     45	   -397	   -369	   -344	-225711	-223289	-220996
NGC_6316       	   0.77	   0.97	   1.19	   3.85	   4.27	   4.69	    126	    131	    135	     80	     85	     91	   -338	   -266	   -204	-218121	-212301	-206830
NGC_6341_M_92  	   0.25	   0.36	   0.46	  10.54	  10.60	  10.68	    644	    653	    661	    391	    408	    428	    -65	    -49	    -32	-165058	-164682	-164324
NGC_6325       	   0.36	   0.69	   1.03	   1.84	   2.04	   2.29	      6	     23	     51	    118	    147	    178	     52	    107	    158	-236051	-234817	-231580
NGC_6333_M_9   	   0.77	   0.81	   0.86	   7.98	   8.11	   8.27	    413	    430	    443	    227	    230	    232	   -275	   -261	   -250	-178971	-178170	-177300
NGC_6342       	   0.69	   0.83	   0.93	   1.96	   1.98	   2.02	     10	     14	     24	    153	    167	    174	   -112	   -103	    -94	-234660	-233921	-232702
NGC_6356       	   2.50	   3.64	   5.07	   7.83	   8.93	  10.53	    143	    174	    198	    231	    262	    305	  -1271	   -938	   -685	-175727	-166897	-156655
NGC_6355       	   0.15	   0.26	   0.34	   2.45	   2.57	   2.75	     82	     85	     90	    144	    153	    161	     22	     47	     68	-232150	-229053	-225902
NGC_6352       	   3.09	   3.11	   3.13	   4.03	   4.10	   4.18	      9	     10	     12	     27	     27	     28	   -749	   -739	   -729	-201045	-200367	-199784
IC_1257        	   0.23	   0.56	   1.14	  18.09	  20.13	  21.21	   1283	   1606	   1770	    110	    119	    129	      4	    188	    487	-140601	-135733	-133269
Terzan_2_HP_3  	   0.23	   0.34	   0.47	   0.76	   0.97	   1.30	      2	     16	     39	     13	     16	     21	     56	     65	     69	-270666	-268245	-263120
NGC_6366       	   2.05	   2.09	   2.13	   5.92	   5.99	   6.03	    126	    129	    132	     75	     77	     79	   -646	   -634	   -620	-192163	-191757	-191270
Terzan_4_HP_4  	   0.24	   0.26	   0.29	   0.66	   0.83	   1.07	      7	     13	     22	     21	     22	     24	    -58	    -44	    -33	-276569	-271839	-265952
HP_1_BH_229    	   0.25	   0.28	   0.33	   1.85	   1.94	   2.02	     36	     43	     50	    198	    206	    212	      1	      7	     13	-238065	-236246	-234746
FSR_1758       	   3.09	   3.55	   4.16	  12.40	  14.83	  18.72	    448	    558	    764	    172	    211	    273	   1030	   1178	   1372	-155262	-146674	-135679
NGC_6362       	   2.57	   2.64	   2.71	   5.28	   5.30	   5.32	     53	     55	     58	    256	    260	    266	   -554	   -547	   -537	-189878	-189527	-189105
Liller_1       	   0.08	   0.19	   0.34	   0.91	   0.96	   1.09	     14	     28	     52	      1	      1	      2	     11	     42	     69	-273789	-272827	-269628
NGC_6380_Ton1  	   0.28	   0.34	   0.37	   2.19	   2.39	   2.57	    107	    118	    131	     23	     23	     23	     50	     63	     74	-245321	-241333	-238077
Terzan_1_HP_2  	   0.59	   0.67	   0.77	   2.44	   2.60	   2.80	     81	     84	     87	      1	      1	      1	   -234	   -203	   -178	-239892	-236925	-233358
Ton2_Pismis26  	   1.51	   1.67	   1.79	   3.26	   3.48	   3.78	     38	     40	     47	    105	    108	    110	   -442	   -391	   -347	-214414	-211435	-208050
NGC_6388       	   1.21	   1.23	   1.26	   4.11	   4.21	   4.34	    111	    120	    129	     69	     69	     70	    324	    331	    339	-212515	-211207	-209838
NGC_6402_M_14  	   0.48	   0.55	   0.65	   4.00	   4.06	   4.16	    138	    142	    146	    162	    167	    174	   -179	   -156	   -139	-212169	-210924	-208785
NGC_6401       	   0.13	   0.20	   0.34	   2.46	   2.50	   2.54	    108	    128	    138	     55	     60	     66	    -38	     14	     72	-235709	-235030	-233656
NGC_6397       	   2.41	   2.44	   2.46	   6.29	   6.31	   6.32	    120	    121	    122	    181	    185	    189	   -647	   -637	   -628	-184864	-184721	-184580
VVV_CL002      	   0.11	   0.25	   0.50	   2.79	   3.59	   5.12	     33	     81	    197	    198	    220	    259	    -81	    -14	     38	-223867	-214099	-199424
Pal_6          	   0.05	   0.08	   0.14	   2.28	   3.10	   3.62	    107	    134	    173	     90	    103	    110	     -6	     11	     16	-238205	-231377	-224269
NGC_6426       	   3.75	   4.05	   4.49	  16.97	  17.35	  17.96	    654	    675	    695	    196	    202	    210	  -1533	  -1393	  -1307	-140424	-139082	-136880
Djorg_1        	   0.88	   1.22	   1.59	   7.91	  11.47	  15.79	    469	    705	    990	     19	     20	     22	   -737	   -538	   -366	-183325	-163613	-147210
Terzan_5_11    	   0.24	   0.30	   0.33	   1.67	   1.79	   1.90	     63	     68	     71	      6	      7	      7	    -94	    -82	    -66	-256444	-253384	-251050
NGC_6440       	   0.11	   0.16	   0.25	   1.31	   1.32	   1.35	     39	     47	     57	     38	     38	     39	     15	     33	     54	-258555	-258257	-257279
NGC_6441       	   1.70	   1.86	   1.99	   4.70	   4.89	   5.07	    114	    119	    123	     48	     49	     49	   -558	   -520	   -473	-203948	-201416	-199297
Terzan_6_HP_5  	   0.32	   0.34	   0.36	   1.01	   1.29	   1.75	     17	     32	     61	      7	     10	     13	     71	     83	     87	-267177	-261549	-253964
NGC_6453       	   0.29	   0.34	   0.39	   2.36	   2.57	   2.81	     71	     82	     90	    146	    158	    172	    -70	    -61	    -52	-231215	-227530	-223638
UKS_1          	   0.20	   0.36	   0.52	   7.58	   8.24	   8.79	    580	    606	    625	     11	     16	     22	   -227	   -145	    -71	-187266	-182623	-178737
VVV_CL001      	   0.22	   0.78	   1.18	   3.52	   4.68	   7.06	    130	    252	    483	     12	     15	     40	     25	    234	    383	-222876	-210483	-189642
Gran_1         	   0.24	   0.62	   1.00	   1.61	   2.86	   4.62	     35	     59	    181	     90	     95	    104	   -263	   -148	    -34	-247505	-226765	-207543
Pfleiderer_2   	   3.71	   5.58	   6.61	   9.56	  11.73	  24.03	     81	    216	    867	    115	    120	    131	  -2223	  -1638	  -1170	-161520	-151186	-123134
NGC_6496       	   2.32	   2.44	   2.56	   5.25	   5.52	   5.89	     75	     81	     92	    166	    169	    171	   -657	   -616	   -580	-192413	-189987	-187148
Terzan_9       	   0.29	   0.38	   0.50	   2.36	   2.65	   2.98	    104	    114	    124	     11	     13	     14	   -162	   -120	    -88	-242707	-237535	-231968
Djorg_2_ESO456 	   0.60	   0.70	   0.83	   1.30	   1.38	   1.55	      9	     11	     14	     31	     31	     33	    119	    142	    172	-255700	-252836	-248409
NGC_6517       	   0.45	   0.48	   0.52	   3.41	   3.62	   3.90	    137	    152	    171	     61	     65	     68	   -145	   -134	   -127	-225658	-222809	-218916
Terzan_10      	   0.62	   0.77	   1.02	   5.54	   6.78	   7.94	    244	    307	    361	    201	    261	    328	   -255	   -219	   -187	-196483	-185786	-177658
NGC_6522       	   0.44	   0.58	   0.68	   1.32	   1.43	   1.52	      9	     10	     11	    100	    101	    102	    -99	    -80	    -55	-251523	-248223	-245566
NGC_6535       	   1.02	   1.08	   1.13	   4.59	   4.65	   4.72	    171	    182	    195	     53	     56	     58	    287	    300	    312	-208159	-207924	-207532
NGC_6528       	   0.16	   0.18	   0.20	   1.68	   1.80	   2.07	     49	     56	     68	     57	     65	     71	    -55	    -45	    -37	-250023	-248508	-245508
NGC_6539       	   2.03	   2.15	   2.34	   3.37	   3.51	   3.77	     13	     14	     15	    228	    248	    283	   -361	   -343	   -334	-207687	-205525	-201639
NGC_6540_Djorg 	   0.96	   1.16	   1.31	   2.07	   2.34	   2.57	     22	     25	     27	     21	     23	     25	   -322	   -274	   -223	-241122	-234980	-230196
NGC_6544       	   0.37	   0.44	   0.52	   5.73	   5.78	   5.85	    325	    333	    340	     40	     43	     45	   -195	   -169	   -139	-201093	-200592	-200004
NGC_6541       	   1.34	   1.37	   1.39	   4.08	   4.12	   4.17	     86	     88	     91	    165	    173	    178	   -324	   -320	   -317	-205852	-205279	-204673
ESO280_SC06    	   0.71	   1.21	   1.65	  13.33	  14.20	  14.84	    807	    841	    877	    253	    279	    317	   -552	   -401	   -242	-155014	-151527	-149118
NGC_6553       	   2.68	   2.80	   2.94	   3.73	   3.84	   3.95	     12	     13	     14	      5	      6	      6	   -720	   -688	   -659	-207618	-205850	-203950
NGC_6558       	   0.15	   0.25	   0.34	   1.65	   1.82	   2.12	     43	     53	     69	     72	     86	    106	    -81	    -52	    -26	-246401	-243771	-239567
IC_1276_Pal_7  	   3.56	   3.63	   3.75	   6.97	   7.36	   7.83	     90	    104	    121	     15	     16	     18	  -1162	  -1104	  -1062	-179424	-176924	-173841
Terzan_12      	   1.64	   1.79	   1.95	   3.46	   3.84	   4.24	     54	     63	     71	     40	     43	     46	   -523	   -458	   -401	-216251	-211535	-206731
NGC_6569       	   1.73	   1.97	   2.30	   2.59	   2.81	   3.15	      8	      8	      9	     88	     89	     90	   -478	   -398	   -347	-221090	-216974	-211047
BH_261_AL_3    	   1.36	   1.52	   1.85	   2.98	   3.38	   3.78	     25	     34	     44	     72	     76	     81	   -456	   -386	   -335	-219499	-216242	-212178
NGC_6584       	   1.87	   2.04	   2.29	  21.10	  21.91	  22.95	   1271	   1319	   1378	    381	    390	    399	   -740	   -677	   -629	-132312	-130467	-128214
Mercer_5       	   2.02	   2.07	   2.18	   5.45	   5.95	   6.62	    132	    159	    190	      0	      0	      0	   -748	   -688	   -652	-198043	-193945	-188524
NGC_6624       	   0.36	   0.40	   0.44	   1.41	   1.44	   1.46	      7	      8	     10	    152	    153	    154	    -28	    -26	    -25	-247483	-247093	-246703
NGC_6626_M_28  	   0.48	   0.50	   0.54	   2.91	   2.97	   3.07	    111	    113	    116	     59	     61	     63	   -159	   -146	   -138	-227527	-226795	-225620
NGC_6638       	   0.12	   0.14	   0.18	   2.12	   2.44	   2.75	     88	    113	    130	     90	     91	     93	    -38	    -31	    -26	-239090	-234689	-231036
NGC_6637_M_69  	   0.93	   0.99	   1.06	   1.80	   1.84	   1.88	      1	      1	      2	    220	    222	    225	    -74	    -64	    -56	-234541	-233471	-232084
NGC_6642       	   0.05	   0.10	   0.16	   2.05	   2.06	   2.08	     83	     95	    103	     58	     60	     63	     -3	     18	     41	-243951	-243717	-243371
NGC_6652       	   0.30	   0.31	   0.33	   2.99	   3.13	   3.25	     80	     84	     87	    251	    257	    263	    -36	    -27	    -19	-220449	-218681	-216886
NGC_6656_M_22  	   2.84	   2.87	   2.90	   9.91	   9.98	  10.04	    303	    312	    318	    138	    144	    147	   -933	   -923	   -913	-165470	-165209	-165009
Pal_8          	   0.97	   1.28	   1.77	   3.82	   4.29	   4.86	    101	    110	    114	     72	     74	     77	   -491	   -349	   -255	-217263	-210108	-202091
NGC_6681_M_70  	   0.29	   0.36	   0.40	   5.83	   5.98	   6.10	    306	    323	    334	    305	    309	    312	     -8	     -2	      5	-192177	-190934	-190039
Ryu_879_RLGC2  	   0.74	   1.82	   2.50	   9.70	  11.64	  17.20	    498	    599	    855	    202	    295	    391	   -830	   -356	    181	-169378	-159530	-141310
NGC_6712       	   0.06	   0.16	   0.23	   4.97	   5.32	   5.53	    275	    290	    303	    142	    155	    172	     -9	     16	     45	-204254	-203803	-202974
NGC_6715_M_54  	  14.37	  14.76	  15.21	  44.29	  46.32	  49.04	   1162	   1248	   1367	   4001	   4075	   4200	  -1112	  -1028	   -924	 -92603	 -90876	 -88500
NGC_6717_Pal9  	   0.95	   0.98	   1.00	   2.36	   2.38	   2.40	     24	     25	     26	    111	    114	    118	   -206	   -199	   -194	-229228	-229016	-228766
NGC_6723       	   1.34	   1.36	   1.40	   3.53	   3.56	   3.59	     36	     38	     40	    444	    468	    493	    -56	    -38	    -21	-207463	-207145	-206752
NGC_6749       	   1.50	   1.56	   1.64	   4.92	   4.96	   5.02	    140	    145	    149	      4	      4	      4	   -536	   -514	   -499	-204893	-204171	-203342
NGC_6752       	   3.30	   3.37	   3.42	   5.49	   5.51	   5.52	     32	     34	     36	    118	    121	    123	   -830	   -820	   -808	-186990	-186590	-186344
NGC_6760       	   1.90	   1.96	   2.05	   5.63	   5.85	   6.02	    139	    161	    177	     14	     15	     16	   -661	   -647	   -632	-195570	-194262	-193061
NGC_6779_M_56  	   0.91	   1.01	   1.07	  13.01	  13.15	  13.30	    771	    784	    798	    269	    287	    303	    307	    335	    354	-156009	-155115	-154545
Terzan_7       	  14.20	  14.63	  15.15	  47.34	  51.56	  55.72	   1367	   1562	   1753	   4193	   4344	   4489	   -994	   -881	   -782	 -90276	 -87024	 -83889
Pal_10         	   5.55	   6.30	   7.47	   9.47	  11.42	  17.90	     82	    120	    342	     11	     14	     18	  -2469	  -1891	  -1625	-160267	-151247	-132480
Arp_2          	  17.57	  17.97	  18.36	  49.66	  51.65	  54.50	   1155	   1230	   1354	   4493	   4576	   4696	  -1520	  -1395	  -1298	 -86841	 -85239	 -83272
NGC_6809_M_55  	   1.09	   1.10	   1.13	   6.03	   6.07	   6.15	    224	    227	    230	    293	    298	    304	   -237	   -231	   -225	-189281	-188951	-188369
Terzan_8       	  17.10	  17.66	  18.17	  55.56	  59.74	  64.33	   1532	   1711	   1935	   4968	   5114	   5297	  -1162	  -1075	   -940	 -83191	 -80421	 -77643
Pal_11         	   4.16	   4.96	   5.72	   8.32	   8.81	   9.24	     60	     81	    100	    198	    207	    217	  -1389	  -1231	  -1072	-168421	-163751	-159540
NGC_6838_M_71  	   4.89	   4.97	   5.04	   7.05	   7.06	   7.07	     28	     30	     33	     15	     16	     16	  -1338	  -1326	  -1312	-173118	-172675	-172373
NGC_6864_M_75  	   0.63	   0.87	   1.09	  15.79	  16.31	  16.78	   1068	   1086	   1098	    315	    322	    332	   -361	   -277	   -192	-146634	-145019	-143471
NGC_6934       	   2.76	   2.93	   3.16	  42.73	  44.37	  45.91	   2877	   2982	   3069	    175	    179	    185	  -1460	  -1382	  -1309	 -99951	 -98277	 -96721
NGC_6981_M_72  	   0.22	   0.36	   0.51	  22.45	  22.88	  23.31	   1795	   1836	   1870	    322	    324	    327	    -72	    -27	     10	-130278	-129405	-128549
NGC_7006       	   1.56	   2.01	   2.55	  50.57	  51.54	  52.33	   3574	   3759	   3881	    304	    420	    565	    536	    700	    908	 -92738	 -91990	 -91307
Laevens_3      	   8.98	  12.43	  16.72	  72.86	  76.18	  79.17	   2822	   3491	   3927	   1575	   2517	   3790	  -3678	  -2439	  -1315	 -75747	 -73492	 -71508
Segue_3        	  20.79	  24.15	  27.26	  27.18	  28.32	  29.44	      7	     25	     72	    444	    489	    564	  -5608	  -5209	  -4736	-103262	 -99307	 -95893
NGC_7078_M_15  	   3.95	   4.04	   4.14	  10.72	  10.76	  10.83	    232	    237	    244	    238	    241	    246	  -1145	  -1128	  -1111	-159077	-158714	-158329
NGC_7089_M_2   	   0.53	   0.64	   0.77	  18.45	  18.71	  19.04	   1299	   1315	   1340	    347	    355	    363	    176	    202	    223	-139423	-138717	-137995
NGC_7099_M_30  	   1.26	   1.30	   1.35	   8.69	   8.79	   8.91	    305	    312	    319	    494	    499	    503	    254	    260	    267	-172626	-172083	-171453
Pal_12         	  14.90	  15.17	  15.42	  47.24	  51.30	  54.84	   1292	   1496	   1679	   3169	   3271	   3376	  -2135	  -2072	  -1994	 -89969	 -86852	 -84379
Pal_13         	   5.89	   6.24	   6.89	  52.54	  54.09	  55.90	   2836	   2894	   2979	   1677	   1769	   1876	   1075	   1232	   1370	 -90036	 -88697	 -87208
NGC_7492       	   1.96	   2.47	   3.08	  25.64	  26.25	  26.83	   1523	   1588	   1638	   1034	   1181	   1337	     67	    101	    128	-123093	-121792	-120541
